20
0.9450980392156862
0.3137254901960784
0.12941176470588237
0.14901960784313725
0.9882352941176471
0.3333333333333333
0.1411764705882353
0.38823529411764707
0.9450980392156862
0.3137254901960784
0.12941176470588237
0.3843137254901961
0.9490196078431372
0.30980392156862746
0.12941176470588237
0.38823529411764707
0.9490196078431372
0.30980392156862746
0.12941176470588237
0.38823529411764707
0.9490196078431372
0.30980392156862746
0.12941176470588237
0.38823529411764707
0.9490196078431372
0.30980392156862746
0.12941176470588237
0.38823529411764707
0.9450980392156862
0.3137254901960784
0.12941176470588237
0.3843137254901961
1.0
0.3411764705882353
0.1411764705882353
0.38823529411764707
1.0
0.2784313725490196
0.1450980392156863
0.23921568627450981
0.4588235294117647
0.7686274509803922
0.0
0.23921568627450981
0.5333333333333333
0.7764705882352941
0.0
0.38823529411764707
0.48627450980392156
0.7215686274509804
0.0
0.3843137254901961
0.49411764705882355
0.7254901960784313
0.0
0.38823529411764707
0.49411764705882355
0.7254901960784313
0.0
0.38823529411764707
0.49411764705882355
0.7254901960784313
0.0
0.38823529411764707
0.49411764705882355
0.7254901960784313
0.0
0.38823529411764707
0.4980392156862745
0.7215686274509804
0.0
0.3843137254901961
0.5215686274509804
0.7647058823529411
0.0
0.38823529411764707
0.4980392156862745
0.7333333333333333
0.0
0.14901960784313725
0.9411764705882353
0.3058823529411765
0.13333333333333333
0.40784313725490196
1.0
0.34509803921568627
0.14901960784313725
1.0
0.984313725490196
0.3254901960784314
0.1411764705882353
1.0
0.9921568627450981
0.32941176470588235
0.1411764705882353
1.0
0.9921568627450981
0.32941176470588235
0.1411764705882353
1.0
0.9921568627450981
0.32941176470588235
0.1411764705882353
1.0
0.9921568627450981
0.32941176470588235
0.1411764705882353
1.0
0.9803921568627451
0.3254901960784314
0.1411764705882353
1.0
1.0
0.3568627450980392
0.14901960784313725
1.0
0.9921568627450981
0.27058823529411763
0.1450980392156863
0.6470588235294118
0.45098039215686275
0.7686274509803922
0.0
0.6470588235294118
0.5647058823529412
0.8156862745098039
0.0
1.0
0.5137254901960784
0.7490196078431373
0.0
1.0
0.5215686274509804
0.7647058823529411
0.0
1.0
0.5215686274509804
0.7647058823529411
0.0
1.0
0.5215686274509804
0.7647058823529411
0.0
1.0
0.5215686274509804
0.7647058823529411
0.0
1.0
0.5176470588235295
0.7529411764705882
0.0
1.0
0.5450980392156862
0.8
0.0
1.0
0.49019607843137253
0.7176470588235294
0.0
0.40784313725490196
0.9450980392156862
0.3137254901960784
0.12941176470588237
0.3843137254901961
0.9921568627450981
0.3254901960784314
0.1411764705882353
0.9882352941176471
0.9490196078431372
0.30980392156862746
0.13333333333333333
0.9803921568627451
0.9490196078431372
0.30980392156862746
0.13333333333333333
0.9882352941176471
0.9490196078431372
0.30980392156862746
0.13333333333333333
0.9882352941176471
0.9490196078431372
0.30980392156862746
0.13333333333333333
0.9882352941176471
0.9490196078431372
0.30980392156862746
0.13333333333333333
0.9882352941176471
0.9450980392156862
0.30980392156862746
0.13333333333333333
0.9803921568627451
1.0
0.3411764705882353
0.1411764705882353
0.9882352941176471
0.9921568627450981
0.27450980392156865
0.1450980392156863
0.611764705882353
0.4549019607843137
0.7686274509803922
0.0
0.611764705882353
0.5411764705882353
0.7803921568627451
0.0
0.9882352941176471
0.49411764705882355
0.7215686274509804
0.0
0.9803921568627451
0.4980392156862745
0.7294117647058823
0.0
0.9882352941176471
0.4980392156862745
0.7294117647058823
0.0
0.9882352941176471
0.4980392156862745
0.7294117647058823
0.0
0.9882352941176471
0.4980392156862745
0.7294117647058823
0.0
0.9882352941176471
0.4980392156862745
0.7254901960784313
0.0
0.9803921568627451
0.5215686274509804
0.7647058823529411
0.0
0.9882352941176471
0.4980392156862745
0.7215686274509804
0.0
0.3843137254901961
0.9490196078431372
0.30980392156862746
0.12941176470588237
0.38823529411764707
0.9921568627450981
0.32941176470588235
0.1411764705882353
1.0
0.9490196078431372
0.30980392156862746
0.13333333333333333
0.9882352941176471
0.9490196078431372
0.3137254901960784
0.13333333333333333
1.0
0.9490196078431372
0.3137254901960784
0.13333333333333333
1.0
0.9490196078431372
0.3137254901960784
0.13333333333333333
1.0
0.9490196078431372
0.3137254901960784
0.13333333333333333
1.0
0.9450980392156862
0.30980392156862746
0.13333333333333333
0.9882352941176471
1.0
0.3411764705882353
0.1411764705882353
1.0
0.9921568627450981
0.27058823529411763
0.1450980392156863
0.6196078431372549
0.4549019607843137
0.7647058823529411
0.0
0.6196078431372549
0.5411764705882353
0.7803921568627451
0.0
1.0
0.49411764705882355
0.7254901960784313
0.0
0.9882352941176471
0.4980392156862745
0.7294117647058823
0.0
1.0
0.4980392156862745
0.7294117647058823
0.0
1.0
0.4980392156862745
0.7294117647058823
0.0
1.0
0.4980392156862745
0.7294117647058823
0.0
1.0
0.4980392156862745
0.7294117647058823
0.0
0.9882352941176471
0.5215686274509804
0.7647058823529411
0.0
1.0
0.49411764705882355
0.7254901960784313
0.0
0.38823529411764707
0.9490196078431372
0.30980392156862746
0.12941176470588237
0.38823529411764707
0.9921568627450981
0.32941176470588235
0.1411764705882353
1.0
0.9490196078431372
0.30980392156862746
0.13333333333333333
0.9882352941176471
0.9490196078431372
0.3137254901960784
0.13333333333333333
1.0
0.9490196078431372
0.3137254901960784
0.13333333333333333
1.0
0.9490196078431372
0.3137254901960784
0.13333333333333333
1.0
0.9490196078431372
0.3137254901960784
0.13333333333333333
1.0
0.9450980392156862
0.30980392156862746
0.13333333333333333
0.9882352941176471
1.0
0.3411764705882353
0.1411764705882353
1.0
0.9921568627450981
0.27058823529411763
0.1450980392156863
0.6196078431372549
0.4549019607843137
0.7647058823529411
0.0
0.6196078431372549
0.5411764705882353
0.7803921568627451
0.0
1.0
0.49411764705882355
0.7254901960784313
0.0
0.9882352941176471
0.4980392156862745
0.7294117647058823
0.0
1.0
0.4980392156862745
0.7294117647058823
0.0
1.0
0.4980392156862745
0.7294117647058823
0.0
1.0
0.4980392156862745
0.7294117647058823
0.0
1.0
0.4980392156862745
0.7294117647058823
0.0
0.9882352941176471
0.5215686274509804
0.7647058823529411
0.0
1.0
0.49411764705882355
0.7254901960784313
0.0
0.38823529411764707
0.9490196078431372
0.30980392156862746
0.12941176470588237
0.38823529411764707
0.9921568627450981
0.32941176470588235
0.1411764705882353
1.0
0.9490196078431372
0.30980392156862746
0.13333333333333333
0.9882352941176471
0.9490196078431372
0.3137254901960784
0.13333333333333333
1.0
0.9490196078431372
0.3137254901960784
0.13333333333333333
1.0
0.9490196078431372
0.3137254901960784
0.13333333333333333
1.0
0.9490196078431372
0.3137254901960784
0.13333333333333333
1.0
0.9450980392156862
0.30980392156862746
0.13333333333333333
0.9882352941176471
1.0
0.3411764705882353
0.1411764705882353
1.0
0.9921568627450981
0.27058823529411763
0.1450980392156863
0.6196078431372549
0.4549019607843137
0.7647058823529411
0.0
0.6196078431372549
0.5411764705882353
0.7803921568627451
0.0
1.0
0.49411764705882355
0.7254901960784313
0.0
0.9882352941176471
0.4980392156862745
0.7294117647058823
0.0
1.0
0.4980392156862745
0.7294117647058823
0.0
1.0
0.4980392156862745
0.7294117647058823
0.0
1.0
0.4980392156862745
0.7294117647058823
0.0
1.0
0.4980392156862745
0.7294117647058823
0.0
0.9882352941176471
0.5215686274509804
0.7647058823529411
0.0
1.0
0.49411764705882355
0.7254901960784313
0.0
0.38823529411764707
0.9490196078431372
0.30980392156862746
0.12941176470588237
0.38823529411764707
0.9921568627450981
0.32941176470588235
0.1411764705882353
1.0
0.9490196078431372
0.30980392156862746
0.13333333333333333
0.9882352941176471
0.9490196078431372
0.3137254901960784
0.13333333333333333
1.0
0.9490196078431372
0.3137254901960784
0.13333333333333333
1.0
0.9490196078431372
0.3137254901960784
0.13333333333333333
1.0
0.9490196078431372
0.3137254901960784
0.13333333333333333
1.0
0.9450980392156862
0.30980392156862746
0.13333333333333333
0.9882352941176471
1.0
0.3411764705882353
0.1411764705882353
1.0
0.9921568627450981
0.27058823529411763
0.1450980392156863
0.6196078431372549
0.4549019607843137
0.7647058823529411
0.0
0.6196078431372549
0.5411764705882353
0.7803921568627451
0.0
1.0
0.49411764705882355
0.7254901960784313
0.0
0.9882352941176471
0.4980392156862745
0.7294117647058823
0.0
1.0
0.4980392156862745
0.7294117647058823
0.0
1.0
0.4980392156862745
0.7294117647058823
0.0
1.0
0.4980392156862745
0.7294117647058823
0.0
1.0
0.4980392156862745
0.7294117647058823
0.0
0.9882352941176471
0.5215686274509804
0.7647058823529411
0.0
1.0
0.49411764705882355
0.7254901960784313
0.0
0.38823529411764707
0.9450980392156862
0.3137254901960784
0.12941176470588237
0.3843137254901961
0.984313725490196
0.3254901960784314
0.1411764705882353
0.9882352941176471
0.9490196078431372
0.30980392156862746
0.13333333333333333
0.9764705882352941
0.9450980392156862
0.30980392156862746
0.13333333333333333
0.9882352941176471
0.9450980392156862
0.30980392156862746
0.13333333333333333
0.9882352941176471
0.9450980392156862
0.30980392156862746
0.13333333333333333
0.9882352941176471
0.9450980392156862
0.30980392156862746
0.13333333333333333
0.9882352941176471
0.9450980392156862
0.30980392156862746
0.13333333333333333
0.9764705882352941
0.9921568627450981
0.3411764705882353
0.1411764705882353
0.9882352941176471
0.9921568627450981
0.26666666666666666
0.1450980392156863
0.611764705882353
0.4549019607843137
0.7607843137254902
0.0
0.611764705882353
0.5372549019607843
0.7764705882352941
0.0
0.9882352941176471
0.49019607843137253
0.7215686274509804
0.0
0.9764705882352941
0.49411764705882355
0.7254901960784313
0.0
0.9882352941176471
0.49411764705882355
0.7254901960784313
0.0
0.9882352941176471
0.49411764705882355
0.7254901960784313
0.0
0.9882352941176471
0.49411764705882355
0.7254901960784313
0.0
0.9882352941176471
0.49411764705882355
0.7254901960784313
0.0
0.9764705882352941
0.5176470588235295
0.7607843137254902
0.0
0.9882352941176471
0.48627450980392156
0.7215686274509804
0.0
0.3843137254901961
0.9411764705882353
0.3176470588235294
0.1411764705882353
0.41568627450980394
1.0
0.3568627450980392
0.1607843137254902
1.0
1.0
0.33725490196078434
0.15294117647058825
1.0
1.0
0.3411764705882353
0.15294117647058825
1.0
1.0
0.3411764705882353
0.15294117647058825
1.0
1.0
0.3411764705882353
0.15294117647058825
1.0
1.0
0.3411764705882353
0.15294117647058825
1.0
0.996078431372549
0.33725490196078434
0.15294117647058825
1.0
1.0
0.37254901960784315
0.1607843137254902
1.0
0.9803921568627451
0.27450980392156865
0.15294117647058825
0.6666666666666666
0.4627450980392157
0.7647058823529411
0.0
0.6666666666666666
0.5882352941176471
0.8392156862745098
0.0
1.0
0.5333333333333333
0.7725490196078432
0.0
1.0
0.5411764705882353
0.7843137254901961
0.0
1.0
0.5411764705882353
0.7843137254901961
0.0
1.0
0.5411764705882353
0.7843137254901961
0.0
1.0
0.5411764705882353
0.7843137254901961
0.0
1.0
0.5372549019607843
0.7764705882352941
0.0
1.0
0.5647058823529412
0.8235294117647058
0.0
1.0
0.4980392156862745
0.7254901960784313
0.0
0.41568627450980394
1.0
0.2784313725490196
0.047058823529411764
0.23921568627450981
1.0
0.29411764705882354
0.06274509803921569
0.6196078431372549
1.0
0.2784313725490196
0.054901960784313725
0.611764705882353
1.0
0.2823529411764706
0.054901960784313725
0.6196078431372549
1.0
0.2823529411764706
0.054901960784313725
0.6196078431372549
1.0
0.2823529411764706
0.054901960784313725
0.6196078431372549
1.0
0.2823529411764706
0.054901960784313725
0.6196078431372549
1.0
0.2784313725490196
0.054901960784313725
0.611764705882353
1.0
0.30980392156862746
0.06274509803921569
0.6196078431372549
1.0
0.23137254901960785
0.058823529411764705
0.3843137254901961
0.396078431372549
0.7647058823529411
0.0
0.3843137254901961
0.4980392156862745
0.7764705882352941
0.0
0.6196078431372549
0.4470588235294118
0.7215686274509804
0.0
0.611764705882353
0.4470588235294118
0.7254901960784313
0.0
0.6196078431372549
0.4470588235294118
0.7254901960784313
0.0
0.6196078431372549
0.4470588235294118
0.7254901960784313
0.0
0.6196078431372549
0.4470588235294118
0.7254901960784313
0.0
0.6196078431372549
0.4549019607843137
0.7294117647058823
0.0
0.611764705882353
0.4745098039215686
0.7647058823529411
0.0
0.6196078431372549
0.4392156862745098
0.7372549019607844
0.0
0.23921568627450981
0.0
0.6862745098039216
1.0
0.23921568627450981
0.0
0.7058823529411765
1.0
0.6196078431372549
0.0
0.6705882352941176
1.0
0.611764705882353
0.0
0.6705882352941176
1.0
0.6196078431372549
0.0
0.6705882352941176
1.0
0.6196078431372549
0.0
0.6705882352941176
1.0
0.6196078431372549
0.0
0.6705882352941176
1.0
0.6196078431372549
0.0
0.6705882352941176
1.0
0.611764705882353
0.0
0.7254901960784313
1.0
0.6196078431372549
0.0
0.6627450980392157
1.0
0.3843137254901961
1.0
0.7333333333333333
0.0
0.3843137254901961
1.0
0.7764705882352941
0.01568627450980392
0.6196078431372549
1.0
0.7215686274509804
0.00392156862745098
0.611764705882353
1.0
0.7254901960784313
0.00392156862745098
0.6196078431372549
1.0
0.7254901960784313
0.00392156862745098
0.6196078431372549
1.0
0.7254901960784313
0.00392156862745098
0.6196078431372549
1.0
0.7254901960784313
0.00392156862745098
0.6196078431372549
1.0
0.7215686274509804
0.00392156862745098
0.611764705882353
1.0
0.7568627450980392
0.00392156862745098
0.6196078431372549
1.0
0.7372549019607844
0.0
0.23921568627450981
0.00784313725490196
0.6392156862745098
0.9333333333333333
0.41568627450980394
0.01568627450980392
0.7215686274509804
1.0
1.0
0.01568627450980392
0.6784313725490196
0.9882352941176471
1.0
0.01568627450980392
0.6862745098039216
0.996078431372549
1.0
0.01568627450980392
0.6862745098039216
0.996078431372549
1.0
0.01568627450980392
0.6862745098039216
0.996078431372549
1.0
0.01568627450980392
0.6862745098039216
0.996078431372549
1.0
0.01568627450980392
0.6784313725490196
0.984313725490196
1.0
0.027450980392156862
0.7411764705882353
1.0
1.0
0.011764705882352941
0.6274509803921569
1.0
0.6666666666666666
1.0
0.7333333333333333
0.0
0.6666666666666666
1.0
0.8392156862745098
0.01568627450980392
1.0
1.0
0.7686274509803922
0.00392156862745098
1.0
1.0
0.7803921568627451
0.00392156862745098
1.0
1.0
0.7803921568627451
0.00392156862745098
1.0
1.0
0.7803921568627451
0.00392156862745098
1.0
1.0
0.7803921568627451
0.00392156862745098
1.0
1.0
0.7725490196078432
0.00392156862745098
1.0
1.0
0.8196078431372549
0.00392156862745098
1.0
1.0
0.7254901960784313
0.0
0.41568627450980394
0.0
0.6392156862745098
0.9372549019607843
0.3843137254901961
0.00392156862745098
0.6745098039215687
0.9764705882352941
0.9882352941176471
0.00392156862745098
0.6392156862745098
0.9372549019607843
0.9764705882352941
0.00392156862745098
0.6392156862745098
0.9333333333333333
0.9882352941176471
0.00392156862745098
0.6392156862745098
0.9333333333333333
0.9882352941176471
0.00392156862745098
0.6392156862745098
0.9333333333333333
0.9882352941176471
0.00392156862745098
0.6392156862745098
0.9333333333333333
0.9882352941176471
0.00392156862745098
0.6392156862745098
0.9333333333333333
0.9764705882352941
0.01568627450980392
0.6941176470588235
0.9882352941176471
0.9882352941176471
0.0
0.6313725490196078
1.0
0.611764705882353
1.0
0.7294117647058823
0.0
0.611764705882353
0.9921568627450981
0.7764705882352941
0.01568627450980392
0.9882352941176471
0.9921568627450981
0.7215686274509804
0.00392156862745098
0.9764705882352941
0.9921568627450981
0.7215686274509804
0.00392156862745098
0.9882352941176471
0.9921568627450981
0.7215686274509804
0.00392156862745098
0.9882352941176471
0.9921568627450981
0.7215686274509804
0.00392156862745098
0.9882352941176471
0.9921568627450981
0.7215686274509804
0.00392156862745098
0.9882352941176471
1.0
0.7215686274509804
0.00392156862745098
0.9764705882352941
0.9921568627450981
0.7568627450980392
0.00392156862745098
0.9882352941176471
1.0
0.7215686274509804
0.0
0.3843137254901961
0.0
0.6431372549019608
0.9372549019607843
0.38823529411764707
0.00392156862745098
0.6745098039215687
0.9803921568627451
1.0
0.00392156862745098
0.6392156862745098
0.9372549019607843
0.9882352941176471
0.00392156862745098
0.6431372549019608
0.9372549019607843
1.0
0.00392156862745098
0.6431372549019608
0.9372549019607843
1.0
0.00392156862745098
0.6431372549019608
0.9372549019607843
1.0
0.00392156862745098
0.6431372549019608
0.9372549019607843
1.0
0.00392156862745098
0.6392156862745098
0.9333333333333333
0.9882352941176471
0.01568627450980392
0.6941176470588235
0.996078431372549
1.0
0.0
0.6313725490196078
1.0
0.6196078431372549
1.0
0.7333333333333333
0.0
0.6196078431372549
1.0
0.7803921568627451
0.01568627450980392
1.0
0.9921568627450981
0.7215686274509804
0.00392156862745098
0.9882352941176471
1.0
0.7254901960784313
0.00392156862745098
1.0
1.0
0.7254901960784313
0.00392156862745098
1.0
1.0
0.7254901960784313
0.00392156862745098
1.0
1.0
0.7254901960784313
0.00392156862745098
1.0
1.0
0.7254901960784313
0.00392156862745098
0.9882352941176471
1.0
0.7607843137254902
0.00392156862745098
1.0
1.0
0.7254901960784313
0.0
0.38823529411764707
0.0
0.6431372549019608
0.9372549019607843
0.38823529411764707
0.00392156862745098
0.6745098039215687
0.9803921568627451
1.0
0.00392156862745098
0.6392156862745098
0.9372549019607843
0.9882352941176471
0.00392156862745098
0.6431372549019608
0.9372549019607843
1.0
0.00392156862745098
0.6431372549019608
0.9372549019607843
1.0
0.00392156862745098
0.6431372549019608
0.9372549019607843
1.0
0.00392156862745098
0.6431372549019608
0.9372549019607843
1.0
0.00392156862745098
0.6392156862745098
0.9333333333333333
0.9882352941176471
0.01568627450980392
0.6941176470588235
0.996078431372549
1.0
0.0
0.6313725490196078
1.0
0.6196078431372549
1.0
0.7333333333333333
0.0
0.6196078431372549
1.0
0.7803921568627451
0.01568627450980392
1.0
0.9921568627450981
0.7215686274509804
0.00392156862745098
0.9882352941176471
1.0
0.7254901960784313
0.00392156862745098
1.0
1.0
0.7254901960784313
0.00392156862745098
1.0
1.0
0.7254901960784313
0.00392156862745098
1.0
1.0
0.7254901960784313
0.00392156862745098
1.0
1.0
0.7254901960784313
0.00392156862745098
0.9882352941176471
1.0
0.7607843137254902
0.00392156862745098
1.0
1.0
0.7254901960784313
0.0
0.38823529411764707
0.0
0.6431372549019608
0.9372549019607843
0.38823529411764707
0.00392156862745098
0.6745098039215687
0.9803921568627451
1.0
0.00392156862745098
0.6392156862745098
0.9372549019607843
0.9882352941176471
0.00392156862745098
0.6431372549019608
0.9372549019607843
1.0
0.00392156862745098
0.6431372549019608
0.9372549019607843
1.0
0.00392156862745098
0.6431372549019608
0.9372549019607843
1.0
0.00392156862745098
0.6431372549019608
0.9372549019607843
1.0
0.00392156862745098
0.6392156862745098
0.9333333333333333
0.9882352941176471
0.01568627450980392
0.6941176470588235
0.996078431372549
1.0
0.0
0.6313725490196078
1.0
0.6196078431372549
1.0
0.7333333333333333
0.0
0.6196078431372549
1.0
0.7803921568627451
0.01568627450980392
1.0
0.9921568627450981
0.7215686274509804
0.00392156862745098
0.9882352941176471
1.0
0.7254901960784313
0.00392156862745098
1.0
1.0
0.7254901960784313
0.00392156862745098
1.0
1.0
0.7254901960784313
0.00392156862745098
1.0
1.0
0.7254901960784313
0.00392156862745098
1.0
1.0
0.7254901960784313
0.00392156862745098
0.9882352941176471
1.0
0.7607843137254902
0.00392156862745098
1.0
1.0
0.7254901960784313
0.0
0.38823529411764707
0.0
0.6431372549019608
0.9372549019607843
0.38823529411764707
0.00392156862745098
0.6745098039215687
0.9803921568627451
1.0
0.00392156862745098
0.6392156862745098
0.9372549019607843
0.9882352941176471
0.00392156862745098
0.6431372549019608
0.9372549019607843
1.0
0.00392156862745098
0.6431372549019608
0.9372549019607843
1.0
0.00392156862745098
0.6431372549019608
0.9372549019607843
1.0
0.00392156862745098
0.6431372549019608
0.9372549019607843
1.0
0.00392156862745098
0.6392156862745098
0.9333333333333333
0.9882352941176471
0.01568627450980392
0.6941176470588235
0.996078431372549
1.0
0.0
0.6313725490196078
1.0
0.6196078431372549
1.0
0.7333333333333333
0.0
0.6196078431372549
1.0
0.7803921568627451
0.01568627450980392
1.0
0.9921568627450981
0.7215686274509804
0.00392156862745098
0.9882352941176471
1.0
0.7254901960784313
0.00392156862745098
1.0
1.0
0.7254901960784313
0.00392156862745098
1.0
1.0
0.7254901960784313
0.00392156862745098
1.0
1.0
0.7254901960784313
0.00392156862745098
1.0
1.0
0.7254901960784313
0.00392156862745098
0.9882352941176471
1.0
0.7607843137254902
0.00392156862745098
1.0
1.0
0.7254901960784313
0.0
0.38823529411764707
0.0
0.6392156862745098
0.9372549019607843
0.3843137254901961
0.00392156862745098
0.6745098039215687
0.9803921568627451
0.9882352941176471
0.00392156862745098
0.6392156862745098
0.9372549019607843
0.9803921568627451
0.00392156862745098
0.6392156862745098
0.9372549019607843
0.9882352941176471
0.00392156862745098
0.6392156862745098
0.9372549019607843
0.9882352941176471
0.00392156862745098
0.6392156862745098
0.9372549019607843
0.9882352941176471
0.00392156862745098
0.6392156862745098
0.9372549019607843
0.9882352941176471
0.00392156862745098
0.6392156862745098
0.9333333333333333
0.9803921568627451
0.01568627450980392
0.6941176470588235
1.0
0.9882352941176471
0.0
0.6313725490196078
1.0
0.611764705882353
1.0
0.7333333333333333
0.0
0.611764705882353
1.0
0.7803921568627451
0.01568627450980392
0.9882352941176471
0.9921568627450981
0.7176470588235294
0.00392156862745098
0.9803921568627451
1.0
0.7254901960784313
0.00392156862745098
0.9882352941176471
1.0
0.7254901960784313
0.00392156862745098
0.9882352941176471
1.0
0.7254901960784313
0.00392156862745098
0.9882352941176471
1.0
0.7254901960784313
0.00392156862745098
0.9882352941176471
1.0
0.7215686274509804
0.00392156862745098
0.9803921568627451
1.0
0.7607843137254902
0.00392156862745098
0.9882352941176471
1.0
0.7215686274509804
0.0
0.3843137254901961
0.0
0.6431372549019608
0.9294117647058824
0.40784313725490196
0.00392156862745098
0.7058823529411765
1.0
1.0
0.00392156862745098
0.6627450980392157
0.9725490196078431
1.0
0.00392156862745098
0.6745098039215687
0.9803921568627451
1.0
0.00392156862745098
0.6745098039215687
0.9803921568627451
1.0
0.00392156862745098
0.6745098039215687
0.9803921568627451
1.0
0.00392156862745098
0.6745098039215687
0.9803921568627451
1.0
0.00392156862745098
0.6627450980392157
0.9686274509803922
1.0
0.01568627450980392
0.7254901960784313
1.0
1.0
0.0
0.6352941176470588
1.0
0.6470588235294118
1.0
0.7333333333333333
0.0
0.6470588235294118
1.0
0.8156862745098039
0.01568627450980392
1.0
1.0
0.7450980392156863
0.00392156862745098
1.0
1.0
0.7607843137254902
0.00392156862745098
1.0
1.0
0.7607843137254902
0.00392156862745098
1.0
1.0
0.7607843137254902
0.00392156862745098
1.0
1.0
0.7607843137254902
0.00392156862745098
1.0
1.0
0.7490196078431373
0.00392156862745098
1.0
1.0
0.796078431372549
0.00392156862745098
1.0
1.0
0.7176470588235294
0.0
0.40784313725490196
0.0
0.6549019607843137
0.9450980392156862
0.14901960784313725
0.0
0.6745098039215687
0.9764705882352941
0.38823529411764707
0.0
0.6392156862745098
0.9372549019607843
0.3843137254901961
0.0
0.6431372549019608
0.9372549019607843
0.38823529411764707
0.0
0.6431372549019608
0.9372549019607843
0.38823529411764707
0.0
0.6431372549019608
0.9372549019607843
0.38823529411764707
0.0
0.6431372549019608
0.9372549019607843
0.38823529411764707
0.0
0.6392156862745098
0.9254901960784314
0.3843137254901961
0.0196078431372549
0.6941176470588235
0.9882352941176471
0.38823529411764707
0.0
0.6392156862745098
1.0
0.23921568627450981
1.0
0.7372549019607844
0.0
0.23921568627450981
1.0
0.7764705882352941
0.0196078431372549
0.38823529411764707
0.9882352941176471
0.7215686274509804
0.0
0.3843137254901961
1.0
0.7254901960784313
0.0
0.38823529411764707
1.0
0.7254901960784313
0.0
0.38823529411764707
1.0
0.7254901960784313
0.0
0.38823529411764707
1.0
0.7254901960784313
0.0
0.38823529411764707
1.0
0.7215686274509804
0.0
0.3843137254901961
1.0
0.7568627450980392
0.0
0.38823529411764707
1.0
0.7333333333333333
0.0
0.14901960784313725
